1000
0,161,4
0,175,8
0,194,4
0,202,2
0,313,1
0,449,4
0,552,8
0,738,4
0,755,2
0,934,2
0,989,1
1,202,8
1,279,2
1,281,8
1,540,2
1,570,4
1,576,4
1,675,8
1,784,2
1,806,8
1,811,4
2,22,8
2,32,4
2,188,4
2,200,2
2,316,4
2,319,4
2,328,4
2,336,2
2,367,2
2,372,4
2,581,2
2,606,1
2,657,4
2,828,4
3,43,4
3,121,8
3,373,8
3,411,4
3,425,2
3,440,2
3,502,4
3,790,2
3,887,4
3,898,1
3,931,8
4,134,2
4,249,2
4,359,4
4,609,2
4,620,1
4,622,4
4,728,8
4,732,2
4,803,2
4,853,8
5,46,2
5,181,4
5,307,8
5,579,8
5,658,4
5,720,8
5,758,4
5,926,8
5,955,4
5,972,4
6,179,2
6,316,4
6,419,2
6,465,1
6,487,8
6,596,4
6,642,2
6,662,2
6,778,2
6,870,2
7,68,2
7,322,2
7,543,2
7,611,2
7,656,4
7,705,8
7,830,1
7,854,8
8,54,2
8,107,4
8,208,8
8,269,4
8,286,8
8,441,4
8,457,8
8,494,2
8,634,8
8,660,2
8,670,4
8,710,4
8,901,4
8,926,4
8,979,2
9,23,8
9,90,2
9,172,2
9,174,8
9,213,2
9,340,4
9,529,1
9,587,8
9,804,4
10,147,2
10,177,8
10,215,2
10,336,4
10,387,4
10,461,4
10,462,4
10,716,2
10,719,4
10,793,8
10,831,4
10,866,4
10,918,4
10,956,2
10,980,4
11,249,2
11,374,4
11,691,2
11,707,4
11,735,4
11,772,4
11,832,8
11,929,8
12,21,4
12,223,4
12,240,4
12,443,8
12,570,8
12,629,8
12,659,1
12,661,1
12,755,4
12,813,8
12,861,2
13,48,2
13,183,4
13,293,1
13,400,8
13,634,2
13,682,4
13,689,4
13,725,4
13,732,2
13,782,4
14,85,8
14,105,4
14,146,8
14,398,8
14,416,4
14,423,1
14,660,4
14,737,2
14,812,8
14,955,1
15,209,4
15,449,8
15,598,2
15,642,4
15,650,8
15,701,2
15,970,8
16,45,2
16,133,8
16,156,8
16,237,4
16,264,4
16,334,2
16,343,4
16,362,2
16,375,8
16,392,8
16,427,8
16,437,2
16,553,2
16,818,8
16,838,1
16,928,2
16,972,8
17,98,4
17,342,2
17,559,1
17,613,4
17,943,2
17,964,2
18,194,2
18,226,8
18,250,8
18,435,4
18,515,2
18,814,4
18,929,4
19,261,4
19,377,4
19,418,2
19,463,2
19,512,1
19,595,2
19,607,8
19,848,2
19,865,2
19,874,2
19,896,1
19,981,8
20,29,4
20,32,2
20,373,4
20,482,4
20,487,4
20,706,2
20,722,4
20,810,8
20,987,4
21,121,4
21,326,2
21,535,1
21,770,8
21,927,4
21,945,2
22,187,8
22,225,2
22,335,4
22,355,8
22,385,1
22,471,4
22,502,2
22,537,4
22,545,4
22,548,4
22,621,4
22,642,4
22,690,4
22,698,4
22,700,2
22,834,8
22,979,2
23,59,4
23,89,2
23,100,1
23,119,4
23,169,4
23,214,2
23,819,2
24,89,2
24,359,2
24,443,2
24,680,4
24,858,4
24,916,2
25,27,4
25,47,1
25,134,4
25,278,4
25,450,1
25,538,2
25,699,8
25,718,4
25,931,1
26,69,4
26,98,8
26,271,4
26,292,8
26,335,2
26,505,4
26,618,4
26,647,2
26,660,4
26,668,4
26,669,8
26,684,8
26,739,4
26,753,8
26,825,4
27,44,8
27,177,1
27,204,1
27,490,1
27,520,4
27,603,2
27,630,4
27,707,4
27,761,1
27,821,2
27,883,1
28,203,8
28,212,4
28,284,4
28,334,4
28,577,4
28,640,2
28,728,4
28,743,8
28,784,2
28,796,8
28,987,4
29,168,4
29,179,8
29,223,2
29,269,8
29,334,4
29,357,4
29,738,2
29,798,2
29,847,2
29,940,2
30,101,8
30,159,4
30,176,8
30,188,4
30,235,8
30,359,4
30,663,2
30,705,1
30,739,4
30,953,4
31,442,2
31,471,2
31,561,4
31,817,1
31,993,1
32,52,4
32,76,8
32,118,4
32,307,2
32,446,1
32,568,2
32,642,4
32,779,2
32,802,4
32,851,4
33,118,4
33,171,2
33,236,2
33,491,2
33,895,4
33,964,2
34,286,2
34,324,4
34,368,8
34,377,4
34,385,4
34,433,1
34,458,1
34,586,2
34,811,2
34,890,1
34,914,1
35,179,8
35,333,2
35,352,8
35,397,2
35,412,8
35,488,4
35,509,4
35,532,2
35,550,8
35,686,4
35,695,4
35,697,4
35,782,2
35,803,4
36,418,2
36,683,4
36,741,2
36,744,4
36,776,4
36,809,2
36,864,8
36,901,2
36,925,2
36,937,4
37,67,1
37,103,4
37,226,4
37,368,8
37,409,4
37,421,1
37,561,1
37,562,4
37,563,1
37,614,8
37,638,2
37,847,4
38,46,2
38,62,2
38,75,4
38,198,2
38,243,2
38,278,2
38,287,2
38,420,8
38,461,8
38,514,4
38,566,8
38,771,4
39,74,4
39,286,4
39,523,8
39,577,8
39,818,2
40,85,4
40,121,8
40,243,4
40,264,8
40,372,4
40,430,8
40,509,8
40,815,2
40,876,2
40,949,2
40,960,4
41,47,4
41,50,4
41,60,4
41,65,4
41,68,4
41,87,4
41,177,8
41,218,2
41,355,4
41,385,2
41,427,4
41,507,4
41,835,2
41,904,4
41,907,4
42,251,8
42,428,4
42,439,4
42,467,4
42,582,2
42,879,4
42,922,4
43,156,8
43,422,4
43,465,4
43,527,8
43,727,2
43,748,4
44,45,4
44,154,2
44,420,4
44,549,4
44,584,2
45,197,4
45,294,4
45,430,4
45,454,4
45,519,4
45,645,4
45,651,4
45,881,8
45,924,4
45,961,8
46,239,1
46,404,8
46,575,4
46,579,2
47,58,4
47,90,8
47,239,2
47,260,4
47,266,2
47,362,4
47,388,1
47,428,8
47,483,8
47,603,8
47,653,8
47,661,4
47,716,8
47,749,2
47,849,4
47,856,4
47,917,8
48,139,4
48,175,4
48,259,8
48,498,8
48,533,1
48,615,4
48,791,4
49,102,4
49,449,4
49,596,4
49,723,4
49,743,1
49,753,4
49,826,2
49,886,2
49,937,8
50,88,1
50,126,2
50,201,4
50,313,4
50,911,1
51,103,1
51,444,4
51,819,8
51,990,8
52,140,1
52,278,2
52,315,2
52,350,2
52,435,4
52,510,4
52,532,1
52,657,2
52,771,4
52,949,8
52,968,8
52,984,1
53,107,8
53,394,4
53,427,4
53,534,2
53,614,8
53,692,2
53,731,1
53,749,2
53,764,4
53,786,4
53,861,2
54,110,4
54,127,4
54,203,2
54,215,4
54,467,4
54,476,1
54,654,1
54,668,8
54,692,4
54,824,4
54,861,8
55,82,2
55,267,4
55,355,4
55,376,4
55,435,4
55,582,2
55,622,4
55,820,1
55,822,4
55,844,1
55,940,4
56,178,2
56,205,8
56,484,2
56,490,8
56,578,4
56,601,2
56,603,2
56,615,2
56,663,8
56,714,8
56,730,4
56,733,2
56,913,2
56,950,1
56,985,1
57,102,8
57,129,4
57,157,2
57,428,2
57,446,1
57,515,4
57,640,2
57,772,2
57,848,4
57,876,2
58,341,8
58,388,1
58,418,4
58,550,1
58,684,2
58,747,4
58,758,4
58,889,4
58,911,4
58,924,4
59,185,4
59,521,8
59,580,2
59,604,4
60,134,8
60,170,2
60,171,8
60,205,1
60,215,4
60,630,8
60,685,4
60,701,4
60,744,4
60,787,4
60,815,4
60,879,2
61,110,2
61,166,8
61,397,4
61,655,2
61,767,2
61,868,4
62,387,1
62,434,4
62,485,2
62,598,2
62,628,4
62,669,2
62,796,4
62,874,8
62,903,2
63,64,8
63,146,4
63,152,2
63,222,8
63,382,8
63,542,8
63,599,2
63,728,2
63,913,2
64,70,8
64,108,4
64,227,2
64,362,2
64,367,2
64,414,1
64,701,2
64,995,4
65,101,2
65,311,4
65,392,2
65,419,8
65,950,8
66,250,8
66,253,8
66,422,2
66,521,2
66,525,2
66,630,8
66,739,4
66,916,8
67,120,4
67,171,4
67,186,2
67,362,4
67,375,2
67,429,2
67,667,2
67,707,4
67,781,4
67,910,2
67,932,2
67,952,4
68,227,8
68,260,2
68,287,2
68,320,8
68,544,4
68,601,4
68,861,4
68,907,1
69,112,4
69,192,2
69,266,8
69,392,2
69,409,2
69,415,4
69,453,4
69,745,4
69,753,1
69,771,2
69,949,1
70,172,2
70,566,4
70,583,4
70,776,4
70,781,1
70,863,4
70,893,8
70,965,2
70,999,8
71,103,4
71,135,4
71,261,4
71,486,4
71,648,2
71,803,4
71,837,4
71,864,8
71,919,2
71,954,4
72,128,8
72,261,2
72,275,8
72,312,8
72,326,4
72,382,1
72,420,4
72,479,2
72,531,4
72,559,4
72,607,1
72,635,4
72,768,4
72,827,8
72,883,4
72,990,4
73,223,8
73,322,2
73,342,4
73,367,1
73,377,1
73,390,4
73,457,8
73,525,4
73,548,4
73,584,4
73,624,8
73,727,2
73,746,8
73,761,4
73,805,2
73,867,8
73,987,4
74,329,4
74,338,2
74,446,4
74,494,2
74,500,2
74,541,4
74,613,2
74,646,8
74,652,4
74,706,4
74,774,4
74,854,1
74,856,2
75,144,4
75,149,2
75,217,4
75,253,1
75,279,4
75,575,8
75,638,1
75,643,2
76,171,2
76,179,4
76,224,2
76,240,2
76,323,4
76,383,4
76,504,4
76,578,2
76,733,8
76,752,4
77,360,2
77,473,2
77,488,1
77,652,4
77,754,4
77,764,1
77,916,8
77,971,4
78,230,2
78,443,8
78,661,2
78,775,4
78,794,1
78,933,4
79,204,2
79,325,4
79,447,4
79,449,8
79,652,8
79,762,4
79,875,1
79,950,2
80,123,4
80,179,4
80,193,4
80,516,8
80,590,4
80,647,2
80,840,8
80,954,4
80,982,4
81,256,2
81,269,4
81,330,4
81,448,8
81,568,8
81,734,4
81,750,2
81,778,2
81,847,4
82,197,4
82,233,2
82,371,4
82,390,8
82,397,2
82,526,8
82,611,2
82,681,2
82,685,1
82,787,8
82,860,2
82,909,2
83,162,1
83,220,1
83,483,2
83,676,8
83,846,4
84,109,4
84,199,2
84,275,2
84,331,2
84,359,4
84,374,4
84,615,8
84,755,2
84,999,4
85,286,4
85,388,4
85,513,2
85,580,2
85,630,8
85,710,4
86,151,4
86,202,2
86,270,4
86,504,8
86,505,2
86,546,4
86,684,4
86,993,2
87,237,4
87,318,4
87,351,8
87,356,8
87,407,8
87,489,2
87,577,4
87,625,2
87,898,4
87,937,8
87,981,4
88,218,4
88,312,2
88,611,2
88,745,4
88,761,2
88,890,4
88,960,4
88,983,4
89,215,4
89,508,8
89,529,4
89,716,4
89,829,4
89,867,2
89,960,2
90,148,8
90,182,4
90,351,8
90,388,8
90,404,4
90,428,4
90,636,1
90,653,1
90,762,4
90,994,2
91,173,1
91,224,8
91,291,2
91,386,4
91,453,2
91,479,2
91,492,2
91,634,2
91,714,8
91,790,8
91,791,8
91,793,2
91,894,4
91,951,4
91,986,4
92,159,2
92,259,4
92,278,2
92,394,4
92,427,4
92,716,4
92,866,1
92,923,4
93,102,4
93,390,4
93,466,2
93,498,8
93,518,8
93,719,4
93,726,2
93,777,2
93,859,4
93,943,4
93,965,4
94,210,4
94,238,2
94,277,4
94,293,2
94,332,8
94,338,4
94,392,1
94,397,1
94,417,8
94,542,4
94,627,2
94,661,2
94,765,2
94,808,2
94,875,4
94,905,2
94,964,8
94,984,4
95,225,8
95,416,8
95,436,1
95,450,2
95,455,4
95,469,4
95,620,8
95,850,8
95,916,8
95,988,2
96,157,2
96,251,4
96,473,4
96,532,2
96,552,8
96,570,4
96,781,4
96,824,2
96,982,2
96,995,4
97,109,4
97,260,4
97,335,8
97,364,2
97,472,1
97,525,4
97,570,8
97,878,8
97,899,4
97,986,8
98,320,1
98,590,8
98,663,4
98,895,4
98,948,4
98,982,8
99,180,2
99,412,2
99,509,4
99,536,8
99,578,2
99,605,2
99,671,2
99,699,4
99,717,4
99,941,8
100,150,4
100,239,4
100,260,4
100,449,4
100,581,1
100,643,4
100,748,4
101,115,2
101,177,2
101,201,4
101,236,2
101,313,2
101,336,2
101,347,4
101,592,4
102,154,2
102,192,1
102,339,4
102,416,4
102,424,8
102,581,4
102,664,8
102,764,2
102,933,4
103,110,2
103,154,4
103,187,4
103,295,8
103,354,8
103,362,2
103,406,1
103,484,2
103,490,2
103,513,4
103,531,2
103,760,8
103,865,4
103,880,8
103,980,8
103,983,4
103,989,2
104,238,8
104,416,2
104,431,2
104,452,2
104,469,4
104,502,4
104,624,8
104,939,4
104,967,4
105,252,2
105,331,2
105,334,4
105,471,4
105,472,1
105,941,4
105,999,2
106,341,4
106,438,8
106,448,1
106,560,1
106,610,4
106,616,8
106,925,2
106,982,4
106,999,4
107,154,4
107,200,4
107,222,2
107,267,4
107,426,2
107,526,1
107,541,8
107,679,8
107,757,4
107,766,2
107,768,4
107,814,2
107,884,2
107,904,4
107,972,4
107,976,8
108,221,4
108,222,4
108,403,2
108,619,4
108,625,4
108,744,2
108,858,4
108,884,4
109,217,4
109,234,2
109,519,2
109,746,4
109,902,2
109,999,4
110,118,4
110,126,2
110,293,4
110,498,4
110,624,8
110,724,4
110,761,4
110,931,4
110,997,2
111,275,8
111,401,2
111,840,8
111,963,4
112,278,2
112,347,4
112,457,2
112,470,8
112,534,8
112,597,2
112,719,8
112,728,2
112,953,4
113,135,2
113,205,4
113,330,4
113,344,8
113,373,1
113,572,4
113,577,2
113,675,2
113,678,8
113,839,4
113,875,4
114,149,4
114,175,2
114,197,2
114,228,4
114,297,2
114,324,2
114,523,4
114,563,2
114,786,1
114,846,1
114,891,4
115,138,2
115,146,8
115,168,4
115,201,4
115,209,4
115,335,1
115,394,4
115,462,2
115,560,8
115,653,2
115,936,4
115,944,4
116,118,2
116,137,4
116,270,2
116,486,1
116,686,8
116,788,2
116,863,2
117,182,8
117,211,4
117,321,4
117,323,4
117,454,4
117,561,2
117,603,1
117,673,1
117,751,2
117,999,8
118,146,4
118,251,2
118,261,2
118,353,4
118,366,4
118,673,2
118,794,2
118,834,2
119,190,4
119,228,1
119,450,4
119,485,4
119,541,1
119,581,4
119,782,1
119,847,8
120,416,8
120,486,4
120,556,1
120,591,1
120,617,2
120,639,4
120,753,4
120,931,1
121,362,4
121,490,8
121,496,2
121,570,8
121,635,2
121,666,4
122,181,2
122,308,2
122,333,2
122,375,4
122,429,2
122,470,4
122,483,4
122,516,1
122,548,2
122,585,4
122,602,4
122,886,2
122,976,4
123,129,4
123,156,1
123,158,4
123,375,2
123,519,8
123,750,8
123,843,2
123,844,2
123,997,4
124,457,2
124,590,4
124,660,2
124,708,4
124,815,4
124,862,4
124,894,2
125,155,4
125,398,8
125,480,4
125,566,8
125,651,4
125,710,4
125,721,2
125,908,4
126,242,4
126,287,2
126,302,4
126,462,4
126,543,4
126,586,4
126,618,4
126,665,1
126,754,8
126,780,2
126,800,4
126,834,4
126,868,8
126,891,4
126,925,4
126,929,2
126,941,2
127,138,1
127,161,2
127,280,2
127,399,2
127,842,4
127,902,4
128,142,2
128,277,2
128,383,8
128,423,4
128,456,4
128,622,2
128,971,8
129,182,2
129,239,1
129,281,8
129,341,4
129,343,8
129,427,4
129,447,1
129,453,4
129,485,4
129,528,8
129,614,2
129,726,4
129,830,4
129,940,2
130,420,4
130,698,2
130,716,1
130,762,8
130,775,4
130,792,4
131,218,2
131,245,4
131,374,4
131,383,2
131,430,8
131,518,4
131,536,4
131,673,4
131,764,2
131,901,8
132,323,8
132,355,2
132,402,2
132,751,4
132,822,4
132,835,2
132,885,2
132,950,4
133,215,2
133,257,4
133,258,2
133,699,1
133,787,4
133,943,4
133,944,4
133,951,4
134,196,1
134,198,4
134,614,4
134,622,8
134,634,4
134,726,1
134,944,2
135,216,2
135,283,1
135,304,8
135,329,4
135,345,8
135,484,2
135,537,2
135,570,8
135,862,2
135,879,8
135,974,8
136,149,8
136,257,4
136,261,1
136,441,4
136,520,4
136,642,4
136,827,4
136,925,4
136,928,2
137,244,8
137,295,4
137,305,4
137,317,1
137,419,4
137,528,2
137,572,4
137,639,4
137,782,4
138,311,4
138,362,8
138,435,4
138,486,8
138,507,1
138,594,4
138,618,4
138,677,2
138,947,4
139,196,2
139,411,1
139,539,2
139,587,2
139,755,4
140,171,4
140,468,8
140,485,4
140,634,8
140,749,4
140,761,4
140,786,2
140,800,2
140,822,4
140,841,1
140,850,2
140,866,8
141,438,2
141,528,8
141,534,2
141,653,8
141,721,4
141,779,4
141,921,2
141,993,8
142,177,2
142,303,4
142,443,4
142,559,4
142,713,2
142,798,8
142,804,2
142,828,4
142,846,4
142,885,4
142,899,1
142,906,2
142,972,4
143,189,2
143,233,2
143,321,4
143,445,2
143,534,4
143,607,4
143,649,4
143,760,2
143,802,4
143,809,2
143,833,4
143,863,2
143,874,4
143,998,4
144,183,2
144,195,2
144,353,2
144,380,1
144,460,4
144,572,4
144,580,2
144,643,8
144,680,8
144,801,2
144,917,4
144,960,4
145,193,2
145,399,1
145,416,4
145,687,8
145,906,4
146,169,1
146,174,2
146,214,4
146,292,2
146,463,4
146,527,4
146,682,2
146,771,2
146,894,8
146,920,4
146,923,2
146,964,2
147,182,2
147,383,8
147,471,4
147,580,8
147,930,4
148,205,8
148,230,8
148,276,4
148,543,2
148,631,8
148,720,4
148,748,4
148,775,2
148,792,2
148,936,2
148,943,2
149,277,1
149,324,2
149,350,8
149,357,2
149,465,4
149,677,2
149,757,8
150,181,4
150,240,2
150,261,4
150,444,8
150,878,2
150,906,2
151,194,2
151,332,8
151,628,2
151,718,8
151,731,2
151,752,4
151,756,2
151,760,4
151,780,2
151,783,1
151,804,2
151,933,8
151,997,2
152,322,8
152,387,4
152,491,4
152,506,4
152,664,4
152,701,2
152,722,8
152,827,1
152,846,2
152,948,4
152,958,4
153,301,8
153,425,8
153,450,4
153,512,4
153,575,4
153,610,4
153,676,8
153,679,2
154,363,2
154,402,4
154,521,4
154,564,2
154,568,4
154,759,8
154,763,4
154,861,2
155,246,4
155,251,2
155,271,8
155,300,2
155,306,2
155,325,4
155,326,2
155,343,8
155,347,1
155,410,2
155,597,8
155,721,8
155,779,2
155,933,4
155,938,8
155,941,8
156,157,2
156,308,8
156,410,8
156,445,2
156,488,2
156,519,4
156,586,2
156,610,1
156,748,2
156,820,2
156,985,4
157,182,4
157,194,8
157,322,4
157,338,4
157,381,4
157,780,2
157,811,2
158,271,2
158,362,8
158,717,4
158,839,4
158,847,4
158,938,4
159,269,2
159,314,4
159,330,2
159,341,4
159,498,4
159,595,4
159,632,1
159,661,8
159,723,2
159,744,2
159,751,4
159,850,4
159,877,4
159,894,2
159,918,4
160,210,2
160,305,4
160,309,2
160,398,8
160,567,4
160,737,8
160,799,1
160,932,1
160,965,8
160,995,8
161,210,2
161,332,8
161,960,4
162,242,2
162,579,4
162,684,2
162,795,4
162,835,4
162,910,1
163,282,4
163,448,2
163,632,4
163,667,8
163,842,8
163,852,8
164,189,4
164,194,8
164,246,4
164,443,2
164,593,4
164,791,4
164,892,4
165,230,4
165,438,4
165,464,4
165,527,8
165,549,8
165,699,2
165,722,1
165,834,1
165,975,4
166,256,1
166,302,4
166,352,2
166,382,2
166,474,2
166,521,2
166,734,4
166,782,8
166,788,2
166,824,8
166,941,1
167,241,2
167,252,8
167,265,4
167,471,1
167,652,4
167,789,2
168,169,1
168,193,4
168,495,2
168,717,1
168,856,4
168,947,4
169,201,8
169,294,2
169,498,4
169,634,2
169,873,4
169,968,2
170,182,4
170,296,2
170,793,2
170,950,2
170,989,1
171,211,2
171,336,4
171,357,4
171,391,8
171,557,2
171,627,4
171,647,1
171,802,4
171,969,1
172,237,2
172,318,8
172,442,8
172,477,1
172,561,1
172,865,2
172,892,1
172,916,4
173,540,8
173,635,4
173,680,4
173,699,8
173,818,8
173,828,4
173,921,8
173,993,4
174,288,4
174,448,1
174,452,8
174,468,8
174,615,4
174,698,2
174,875,4
174,889,1
174,893,1
175,217,2
175,260,4
175,431,4
175,538,4
175,567,2
175,909,4
175,951,1
175,974,2
175,990,1
176,312,2
176,326,2
176,402,4
176,409,8
176,564,2
176,620,4
176,903,4
177,516,2
177,566,1
177,737,2
177,753,1
177,756,2
177,782,1
177,836,4
177,895,4
177,914,4
177,954,2
177,982,4
178,381,2
178,518,4
178,681,2
178,684,4
178,876,4
178,929,8
178,932,8
178,984,1
179,234,8
179,438,4
179,599,4
179,726,8
179,894,4
180,258,4
180,612,4
180,676,2
180,719,2
180,801,4
180,834,4
180,868,2
181,498,8
181,584,4
181,687,1
181,724,4
181,726,2
181,799,8
181,803,8
181,969,2
182,193,2
182,247,8
182,254,4
182,388,1
182,589,2
182,660,2
183,472,8
183,631,1
183,632,4
183,716,4
183,741,2
184,223,2
184,266,2
184,358,4
184,424,2
184,462,4
184,463,1
184,614,4
184,785,8
184,809,2
184,868,2
185,187,2
185,299,8
185,448,4
185,518,8
185,574,4
185,587,2
185,672,2
185,715,4
185,803,2
185,816,8
185,904,4
186,334,2
186,338,8
186,492,8
186,498,4
186,526,4
186,534,8
186,586,4
186,658,2
186,804,4
187,378,2
187,434,4
187,644,2
187,709,8
187,818,2
187,836,4
188,288,8
188,307,2
188,353,2
188,501,4
188,656,4
188,742,2
189,214,2
189,363,4
189,384,4
189,551,4
189,688,8
189,759,4
189,891,2
190,565,4
190,724,8
190,729,4
190,769,8
190,855,2
190,912,4
190,937,4
191,280,4
191,332,2
191,407,8
191,415,8
191,424,2
191,427,4
191,478,2
191,684,2
191,759,1
191,763,2
191,808,4
191,867,8
192,249,8
192,263,8
192,295,2
192,379,2
192,487,2
192,623,8
192,707,2
192,714,4
192,791,4
192,891,2
193,209,4
193,257,4
193,393,8
193,552,4
193,588,4
193,717,1
193,760,8
193,783,8
193,889,2
193,910,2
194,415,4
194,448,2
194,537,2
194,546,4
194,705,8
194,728,4
194,761,4
194,887,2
195,242,2
195,603,2
195,830,8
196,218,2
196,272,2
196,283,1
196,417,2
196,426,8
196,508,8
196,709,2
196,780,2
196,866,4
196,871,4
197,282,4
197,343,8
197,345,4
197,399,4
197,440,8
197,462,4
197,499,4
197,552,4
197,793,4
198,285,2
198,460,8
198,522,2
198,661,2
198,675,4
198,789,4
198,821,8
198,911,4
198,958,8
198,999,2
199,229,2
199,319,4
199,352,4
199,484,8
199,520,4
199,779,2
199,803,8
200,221,2
200,224,4
200,262,2
200,311,4
200,336,4
200,542,2
200,563,4
200,588,8
200,706,2
200,807,8
200,924,2
200,962,8
201,270,4
201,477,1
201,567,8
201,615,4
201,734,4
201,922,4
201,951,1
201,969,2
202,210,4
202,230,4
202,247,2
202,376,4
202,381,4
202,467,8
202,687,8
202,734,2
202,911,4
203,229,2
203,332,4
203,351,1
203,390,2
203,439,4
203,480,4
203,493,8
203,549,4
203,740,8
203,766,4
203,804,4
203,830,4
203,835,2
203,849,1
204,265,4
204,342,4
204,442,4
204,486,2
204,965,4
205,254,4
205,285,2
205,299,1
205,435,2
205,577,2
205,686,4
205,790,4
205,938,1
205,947,8
205,993,4
206,209,4
206,278,1
206,399,1
206,443,8
206,550,4
206,577,4
206,594,2
206,618,2
206,665,4
206,817,1
206,837,2
206,949,2
207,298,1
207,319,4
207,463,4
207,544,2
207,569,4
207,572,4
207,579,8
207,628,4
207,636,2
207,655,4
207,865,2
207,956,2
208,328,4
208,424,4
208,468,8
208,495,4
208,554,2
208,686,2
208,700,8
209,215,4
209,387,2
209,855,4
210,213,4
210,251,8
210,274,4
210,318,8
210,331,2
210,481,8
210,578,2
210,581,2
210,716,4
210,744,4
210,757,2
210,766,4
210,844,4
211,223,4
211,447,1
211,550,4
211,554,4
211,929,4
212,297,2
212,336,4
212,409,4
212,526,4
212,531,8
212,582,4
212,911,2
213,307,8
213,460,8
213,497,4
213,602,1
213,734,2
213,801,4
214,221,1
214,294,4
214,483,8
214,563,8
214,568,4
214,676,8
214,680,4
214,751,8
214,762,2
214,931,1
215,234,4
215,256,8
215,270,4
215,287,4
215,376,8
215,470,2
215,505,1
215,552,8
215,613,4
215,627,4
216,274,2
216,476,8
216,521,4
216,635,4
216,711,8
216,877,2
216,905,4
216,944,2
217,385,8
217,435,2
217,487,4
217,894,1
217,979,4
218,375,4
218,509,4
218,512,4
218,513,1
218,563,4
218,675,2
218,797,1
218,856,4
218,864,8
218,991,4
219,303,2
219,318,1
219,437,4
219,498,2
219,647,4
219,708,1
219,759,2
219,860,4
219,972,8
220,251,4
220,316,4
220,578,2
220,645,4
220,749,2
220,771,2
220,780,4
220,795,4
220,800,2
220,867,1
220,872,8
220,950,4
221,403,1
221,479,8
221,661,1
221,685,4
221,688,8
221,835,2
221,945,4
222,230,8
222,258,8
222,380,8
222,521,4
222,591,2
222,926,4
223,554,4
223,587,8
223,867,2
223,961,2
223,983,8
224,237,8
224,243,4
224,284,2
224,334,4
224,337,8
224,440,2
224,462,8
224,622,2
224,696,4
224,809,2
224,900,4
225,356,4
225,452,4
225,456,4
225,668,8
226,256,4
226,530,8
226,599,2
226,740,8
226,762,8
226,915,2
227,271,4
227,439,8
227,506,8
227,664,8
227,824,2
228,288,8
229,281,4
229,307,4
229,332,4
229,339,4
229,367,2
229,392,2
229,402,4
229,490,8
229,543,4
229,951,4
230,274,1
230,493,4
230,559,4
230,602,2
230,791,2
230,895,4
230,965,2
231,403,2
231,511,8
231,544,1
231,564,4
231,657,2
231,742,2
231,793,1
231,929,4
231,995,2
232,325,1
232,463,2
232,557,4
232,584,2
232,873,2
232,887,2
232,963,4
233,378,8
233,462,2
233,814,4
233,865,4
233,934,8
234,244,1
234,381,2
234,514,4
234,777,4
234,884,8
234,929,4
234,990,1
235,269,4
235,317,1
235,532,4
235,650,2
235,760,8
235,810,2
236,397,2
236,458,2
236,564,1
236,624,2
236,647,4
236,676,8
236,918,4
236,982,4
237,242,2
237,269,4
237,422,2
237,446,8
237,572,1
237,674,4
237,778,8
237,877,4
237,946,4
238,273,8
238,326,2
238,458,4
238,637,4
238,685,4
238,698,4
238,852,4
239,244,4
239,274,4
239,354,2
239,439,4
239,623,4
239,635,1
239,684,4
239,755,4
239,833,4
239,898,4
239,933,8
239,941,2
240,318,2
240,346,4
240,459,4
240,613,4
240,653,8
240,690,4
240,788,4
240,844,8
241,524,8
241,533,4
241,538,1
241,548,8
241,894,1
241,920,4
241,925,4
241,983,2
242,252,2
242,444,2
242,550,8
242,656,8
242,689,8
242,723,4
242,944,2
243,428,2
243,513,8
243,594,1
243,813,4
244,267,4
244,460,4
244,546,4
244,568,8
244,593,8
244,646,2
244,777,2
244,838,2
244,846,4
245,251,1
245,319,4
245,323,4
245,402,1
245,467,8
245,637,4
245,798,8
245,800,8
245,887,8
246,459,8
246,499,8
246,516,4
246,523,4
246,643,4
246,737,4
246,893,2
246,959,2
247,270,2
247,331,4
247,377,8
247,399,4
247,569,4
247,749,2
247,979,8
248,302,4
248,354,4
248,430,2
248,479,4
248,548,2
248,651,8
248,801,2
249,415,2
249,674,4
249,744,4
249,897,4
250,285,4
250,771,4
250,810,4
250,962,2
251,475,8
251,536,2
251,545,8
251,599,4
251,634,4
251,705,4
251,707,2
251,736,4
251,828,8
251,830,1
252,257,4
252,277,4
252,312,4
252,608,1
252,743,4
252,992,2
253,292,4
253,399,1
253,542,4
253,582,4
253,596,1
253,791,4
254,336,4
254,651,4
254,695,8
254,758,2
254,828,4
254,843,4
254,970,2
255,380,8
255,421,4
255,444,8
255,617,2
255,639,4
255,668,8
255,795,8
255,839,4
255,944,4
255,948,2
255,992,2
256,306,8
256,629,2
256,690,8
256,699,4
256,849,8
256,867,2
256,880,1
256,934,2
257,313,8
257,331,4
257,394,4
257,407,4
257,643,2
257,676,4
257,681,2
257,685,1
257,758,2
257,784,4
257,788,2
257,801,1
257,961,4
258,274,1
258,355,4
258,362,4
258,438,2
258,497,1
258,524,1
258,651,2
258,723,4
258,788,2
258,806,2
258,848,4
259,266,4
259,321,2
259,346,2
259,366,8
259,407,8
259,429,2
259,459,2
259,532,2
259,594,1
259,694,4
260,271,1
260,424,4
260,457,2
260,475,4
260,707,4
260,761,4
260,768,8
260,827,8
260,863,4
260,928,2
261,329,8
261,351,8
261,383,2
261,605,2
261,632,2
261,646,4
261,871,8
261,946,2
262,455,4
262,734,4
262,752,2
262,759,2
263,812,8
263,854,2
263,965,2
264,287,4
264,630,8
264,680,2
264,718,8
264,725,2
264,901,2
264,988,2
265,270,1
265,277,2
265,291,4
265,364,2
265,393,8
265,425,4
265,574,2
265,618,4
265,644,4
265,674,8
265,795,4
265,940,8
266,318,2
266,442,8
266,547,2
266,685,2
266,750,2
266,875,2
267,721,2
267,726,4
267,822,2
267,904,4
267,999,2
268,851,8
268,970,2
268,976,4
268,985,2
269,395,8
269,607,2
269,850,4
269,876,8
269,909,4
269,930,2
270,295,4
270,329,4
270,366,4
270,442,4
270,563,2
270,565,4
270,710,8
270,830,4
270,873,2
270,886,8
271,307,2
271,478,4
271,521,8
271,593,1
271,652,4
271,663,1
271,856,8
271,858,1
271,867,2
271,990,2
271,997,4
272,286,4
272,335,4
272,880,4
272,891,4
272,919,1
272,988,4
273,297,2
273,377,4
273,466,4
273,763,1
273,788,8
273,857,8
273,922,4
273,958,8
274,287,2
274,322,1
274,464,4
274,469,2
274,544,4
274,772,4
274,789,2
274,803,2
274,902,4
275,424,4
275,624,4
275,828,8
275,832,8
275,962,8
276,335,8
276,565,8
276,726,2
276,828,4
277,370,1
277,626,1
278,527,4
278,573,2
278,835,2
279,418,1
279,428,4
279,506,2
279,849,2
279,940,2
279,999,2
280,368,1
280,391,2
280,490,1
280,639,4
280,728,8
280,804,4
280,972,4
281,362,4
281,400,4
281,486,4
281,570,4
281,623,1
281,678,8
281,749,4
281,891,2
281,930,8
282,297,4
282,312,4
282,418,2
282,563,4
282,609,4
282,652,4
282,659,8
282,813,1
282,823,4
282,979,4
283,285,4
283,319,4
283,372,1
283,431,8
283,596,2
284,558,4
284,643,4
284,707,4
284,717,2
284,847,2
284,984,8
285,298,2
285,348,4
285,481,4
285,999,1
286,330,8
286,348,1
286,397,8
286,563,8
286,824,4
286,970,1
287,348,2
287,460,2
287,473,4
287,606,2
287,964,4
287,971,4
288,353,8
288,480,8
288,486,2
288,493,2
288,559,2
288,617,4
288,632,4
288,754,8
288,975,4
289,325,8
289,328,1
289,389,4
289,465,2
289,549,2
289,562,8
289,598,4
289,645,2
289,687,4
289,734,4
289,792,1
290,395,8
290,726,2
290,899,4
290,983,2
291,775,1
291,778,2
291,789,8
291,843,4
291,999,4
292,394,4
292,490,4
292,719,2
292,740,2
292,918,8
293,308,4
293,401,4
293,408,4
293,445,4
293,453,8
293,502,1
293,510,4
294,310,8
294,483,4
294,614,2
294,651,1
294,850,8
294,937,4
294,977,2
294,997,4
295,303,4
295,573,2
295,650,4
295,709,4
295,829,4
295,852,1
295,921,2
295,935,2
295,947,4
296,364,4
296,383,2
296,543,4
296,825,2
297,298,8
297,461,4
297,738,4
297,739,4
297,970,2
298,366,4
298,458,4
298,571,4
298,654,8
298,658,2
298,871,4
298,877,4
298,931,4
299,557,8
299,630,2
299,698,4
299,699,2
299,759,2
299,876,2
299,934,8
299,957,4
300,365,2
300,404,8
300,442,1
300,571,4
300,592,2
300,955,2
301,529,2
301,581,4
301,716,8
301,724,2
302,442,2
302,484,2
302,608,4
302,756,4
302,851,1
303,474,2
303,705,4
303,794,2
304,405,4
304,422,4
304,591,2
304,807,4
304,884,1
304,952,8
305,319,2
305,370,1
305,441,8
305,457,8
305,473,4
305,594,4
305,616,4
305,663,4
305,824,2
305,893,8
305,904,2
306,315,1
306,320,8
306,363,4
306,503,8
306,509,4
306,605,4
306,667,4
306,763,8
306,858,8
306,923,4
307,381,8
307,402,4
307,466,4
307,496,8
307,580,4
307,648,4
307,738,8
307,816,4
307,924,4
307,983,8
308,335,4
308,370,4
308,373,8
308,379,8
308,721,2
308,935,2
309,332,4
309,459,8
309,514,2
309,575,4
309,749,4
309,831,2
309,876,4
310,311,4
310,488,4
310,508,2
310,539,4
310,544,2
310,602,4
310,789,2
310,809,2
310,818,1
310,962,2
311,506,4
311,511,2
311,546,8
311,631,1
311,690,8
311,733,2
311,774,2
311,835,2
311,887,2
311,950,4
311,964,4
312,351,2
312,477,1
312,587,2
312,635,2
312,768,1
312,779,4
312,817,4
312,925,2
312,944,4
312,975,8
313,337,4
313,381,8
313,454,4
313,477,2
313,577,4
313,687,4
313,691,8
313,788,2
313,834,2
313,867,8
314,358,4
314,434,4
314,486,8
314,886,4
315,415,4
315,503,2
315,751,4
315,798,8
315,847,1
315,858,8
316,514,4
316,529,4
316,802,2
316,909,4
317,369,4
317,440,4
317,477,4
317,569,4
317,637,4
317,646,8
317,662,4
317,796,1
317,867,1
317,924,1
318,458,1
318,615,1
318,701,4
318,729,2
318,768,1
318,823,1
319,406,4
319,509,8
319,530,1
319,624,4
319,649,4
319,680,1
319,775,2
319,844,2
320,647,2
320,655,2
320,839,4
320,998,1
321,358,4
321,412,4
321,541,4
321,556,8
321,697,2
321,756,4
321,999,4
322,330,4
322,441,2
322,631,2
323,362,2
323,710,4
323,724,2
323,786,4
323,839,4
324,368,4
324,623,8
324,713,1
324,886,4
325,345,4
325,726,2
326,523,4
326,764,2
326,836,4
326,925,8
327,539,2
327,654,2
327,832,8
327,877,1
328,381,4
328,534,4
328,626,4
328,673,4
328,769,8
328,867,2
329,427,4
329,594,8
329,694,8
329,726,2
329,747,8
329,774,2
329,889,4
329,908,2
330,602,4
330,781,1
330,823,8
330,944,8
331,518,4
331,545,2
331,595,4
331,625,1
331,672,4
331,676,1
331,881,2
331,883,1
332,342,8
332,409,2
332,774,2
332,901,4
332,978,4
333,554,2
333,571,2
333,593,4
333,595,2
333,779,4
333,887,8
334,388,4
334,535,2
334,778,4
334,830,4
334,840,4
334,916,4
334,959,1
334,961,2
335,723,4
335,777,4
335,792,2
336,403,2
336,498,4
336,516,4
336,649,2
337,563,4
337,772,2
337,786,4
337,802,2
337,811,1
337,909,2
338,364,4
338,367,4
338,448,1
338,505,1
338,601,2
338,753,8
338,941,2
338,942,4
338,972,4
339,574,4
339,698,1
339,872,4
339,901,2
339,975,8
340,358,1
340,589,2
340,771,8
340,800,8
340,958,4
340,960,4
341,383,4
341,479,2
341,543,2
341,611,1
341,646,8
341,667,2
341,976,2
341,981,2
342,403,4
342,437,4
342,445,2
342,670,4
342,686,1
342,901,2
342,978,8
342,999,8
343,390,8
343,396,4
343,415,8
343,650,4
343,779,2
343,856,8
343,863,4
343,956,2
343,984,4
344,829,4
344,972,2
345,436,2
345,489,1
345,518,2
345,543,1
345,553,8
345,980,8
346,374,4
346,464,2
346,479,4
346,489,4
346,565,2
346,585,4
346,791,2
347,358,4
347,517,4
347,630,2
347,653,4
347,669,4
347,704,4
347,809,8
348,421,4
348,555,4
348,566,8
348,634,2
348,722,8
348,814,4
349,382,4
349,569,4
349,605,8
349,694,8
349,970,2
350,575,8
350,744,4
350,794,2
350,894,4
350,924,2
351,539,2
351,821,4
351,830,8
351,922,8
351,942,2
352,437,8
352,844,4
352,847,4
352,853,4
352,967,4
353,421,8
353,459,4
353,655,2
353,707,4
353,799,4
353,834,8
353,898,2
354,391,4
354,510,4
354,565,4
354,612,8
354,679,1
354,831,4
354,987,8
355,391,4
355,432,1
355,509,8
355,697,2
356,487,4
356,547,2
356,809,2
356,846,4
357,518,2
357,671,1
358,838,4
358,977,1
359,472,8
359,517,4
359,573,2
359,600,4
359,664,8
359,795,4
359,832,4
359,852,8
359,929,4
360,455,8
360,538,8
360,603,2
360,640,4
360,668,4
360,774,4
360,889,1
360,978,2
361,456,2
361,528,4
361,673,4
361,895,4
362,882,2
363,420,1
363,599,2
363,652,2
363,704,4
363,803,4
363,810,4
363,967,4
364,617,2
364,668,1
364,674,4
364,683,2
364,708,2
364,728,1
364,800,8
364,869,2
364,907,2
365,437,2
365,467,4
365,474,4
365,502,4
365,734,2
365,847,2
365,895,1
365,917,4
366,712,4
366,759,2
366,851,2
366,927,1
367,466,8
367,623,8
367,727,4
367,944,4
367,966,4
368,383,4
368,483,4
368,534,4
368,546,4
368,641,4
368,696,4
368,714,8
368,867,2
369,379,2
369,486,4
369,618,1
369,658,4
369,730,4
369,760,4
369,765,4
369,991,4
370,765,2
370,770,2
370,896,8
371,380,1
371,412,2
371,491,8
371,552,4
371,612,4
371,750,2
371,915,2
371,929,4
372,458,4
372,731,4
372,740,1
372,853,4
372,905,1
372,926,4
373,419,4
373,448,4
373,486,8
373,494,4
373,721,4
373,741,8
373,742,2
373,777,4
373,884,2
373,919,4
373,925,1
373,954,2
374,443,2
374,625,8
374,685,2
374,704,4
374,800,4
374,849,2
374,871,4
374,908,2
374,921,4
374,973,2
375,598,8
375,659,4
375,678,2
375,774,4
375,869,4
376,576,4
376,673,8
376,831,8
376,880,4
377,466,8
377,595,4
377,597,1
377,599,2
377,604,4
377,726,2
377,868,8
377,906,4
377,942,4
378,467,1
378,506,8
378,600,1
378,669,1
378,726,2
378,872,4
378,930,2
378,951,1
379,694,4
379,701,8
379,760,8
379,837,4
379,989,2
380,444,4
380,525,4
380,682,2
380,807,2
380,930,8
381,406,4
381,445,4
381,450,2
381,666,1
381,762,4
381,957,4
382,639,8
382,702,8
382,708,2
382,863,2
382,927,8
382,996,4
383,419,4
383,521,4
383,585,4
383,824,4
384,709,8
384,744,4
384,780,2
384,806,4
384,972,1
384,976,2
385,393,4
385,508,4
385,589,1
385,642,4
385,718,4
385,894,8
385,941,4
385,976,4
386,399,2
386,401,2
386,410,1
386,718,4
386,726,4
386,952,4
387,578,2
387,888,4
387,981,4
388,409,8
388,526,1
388,550,8
388,738,2
388,821,4
388,952,8
389,391,8
389,474,1
389,531,2
389,557,1
389,892,2
389,945,4
390,456,8
390,514,4
390,551,8
390,556,4
390,672,4
390,821,4
390,918,2
391,468,8
391,524,4
391,812,4
391,917,2
392,393,4
392,606,8
392,748,2
392,948,2
393,522,8
393,681,2
393,721,1
393,992,4
394,545,2
394,645,2
394,874,8
394,899,4
395,495,2
395,651,2
395,661,1
395,695,2
395,717,4
395,728,4
395,741,2
395,905,2
396,427,4
396,486,4
396,490,2
396,529,4
396,621,1
396,744,4
396,773,2
396,934,2
396,989,4
397,491,2
397,555,8
397,612,4
397,673,4
397,681,4
397,754,2
397,759,4
397,809,2
397,831,8
398,407,2
398,489,4
398,585,4
398,644,1
398,675,4
398,694,2
398,867,4
398,972,1
398,982,2
399,529,2
399,635,2
399,640,4
399,703,4
399,749,4
399,753,2
399,757,1
399,820,8
399,849,1
399,918,2
400,422,8
400,490,1
400,503,2
400,514,4
400,539,8
400,595,4
400,694,4
400,731,4
400,994,2
401,549,2
401,577,8
401,720,1
401,975,8
402,416,4
402,439,2
402,695,4
402,711,4
402,776,2
402,789,8
402,878,2
403,468,2
403,801,2
404,679,4
404,693,4
404,694,8
404,733,2
404,800,8
404,801,2
404,819,2
405,474,2
405,476,2
405,490,4
405,520,4
405,617,2
405,698,2
405,789,2
405,831,1
405,921,1
406,501,2
406,550,4
406,588,2
406,852,4
406,938,1
406,979,8
407,504,4
407,530,4
407,919,8
407,972,8
407,978,1
408,521,2
408,604,4
408,738,4
408,912,8
408,959,8
408,995,4
408,998,4
409,639,2
409,671,1
409,685,4
409,996,2
410,445,2
410,563,4
410,607,8
410,653,8
410,656,4
410,791,2
410,958,4
410,973,4
411,443,4
411,497,4
411,536,4
411,659,2
411,883,4
411,944,2
411,982,4
412,445,2
412,493,8
412,549,4
412,586,4
412,692,8
412,699,4
412,772,8
412,854,8
412,958,2
413,448,4
413,514,4
413,538,4
413,692,2
413,935,4
414,419,8
414,631,8
414,756,2
415,438,2
415,573,4
415,636,8
415,654,4
415,842,4
416,452,2
416,527,8
416,572,4
416,877,8
417,441,2
417,688,4
417,710,8
417,791,4
417,796,2
417,917,4
418,632,4
418,847,4
418,854,8
419,437,2
419,441,8
419,465,2
419,481,4
419,500,2
419,505,2
419,522,2
419,582,4
419,611,2
419,650,8
419,729,4
419,951,2
419,957,2
420,524,8
420,549,4
420,644,2
420,706,2
420,730,4
420,754,4
420,831,4
420,955,2
420,974,4
421,473,8
421,478,8
421,591,4
421,960,8
422,444,4
422,650,2
422,820,8
422,846,2
422,855,2
422,862,8
423,488,8
423,514,1
423,844,8
423,901,1
424,449,4
424,518,4
424,545,4
424,571,1
424,676,1
424,684,4
424,776,8
424,860,8
424,942,8
425,443,8
425,960,4
426,474,8
426,677,4
426,727,4
426,806,2
426,851,2
426,933,2
426,977,2
427,652,1
427,653,8
427,755,8
427,760,2
427,764,4
427,970,4
428,503,8
428,546,2
428,643,4
428,693,4
428,777,1
429,507,4
429,519,4
429,589,4
429,749,4
429,821,2
429,925,1
429,931,1
429,940,8
430,507,8
430,636,8
430,733,4
430,735,4
430,921,8
430,978,2
431,460,4
431,497,4
431,628,4
431,696,8
431,738,4
431,743,4
431,941,1
432,511,4
432,572,8
432,730,4
432,865,4
432,874,4
432,894,1
432,900,8
432,918,2
433,438,4
433,577,2
433,700,4
433,713,4
433,848,8
433,916,4
434,489,2
434,532,1
434,742,4
434,888,4
435,532,4
435,560,2
435,582,8
435,610,4
435,614,2
435,643,2
435,721,4
435,771,2
435,779,8
435,842,8
435,910,4
436,604,2
436,697,4
436,708,4
436,930,2
436,950,4
437,467,2
437,480,4
437,502,1
438,505,2
438,649,2
438,762,4
438,784,8
438,896,2
438,897,4
439,567,4
439,609,4
439,675,2
439,695,4
439,711,1
439,892,1
440,763,4
440,898,2
440,987,4
441,446,4
441,532,4
441,556,2
441,767,2
441,780,8
441,828,4
441,848,2
441,919,4
441,944,4
441,959,2
442,479,8
442,595,4
442,632,1
442,699,8
442,809,4
442,902,8
442,905,4
443,460,4
443,471,8
443,551,4
443,589,4
443,660,2
443,742,1
443,760,2
443,949,4
444,709,4
444,810,8
445,640,2
445,652,2
445,726,8
445,799,2
445,864,4
445,871,4
446,561,1
446,663,8
446,685,2
446,769,2
446,895,4
446,908,4
447,452,2
447,700,8
447,887,8
447,906,4
448,457,8
448,491,8
448,842,2
448,844,2
449,483,4
449,549,4
449,552,4
449,601,1
449,614,4
449,649,4
449,664,1
449,665,2
449,889,2
449,950,8
450,526,1
450,567,2
450,571,8
450,695,4
450,742,1
450,811,8
450,933,4
450,934,4
450,959,2
451,513,2
451,535,2
451,898,8
451,940,4
452,564,4
452,670,4
452,744,4
452,837,8
452,917,2
453,670,4
453,690,4
453,701,1
453,722,2
453,758,8
453,766,4
453,776,4
453,787,4
454,484,8
454,489,4
454,568,2
454,653,8
454,757,2
454,942,4
455,511,8
455,628,4
455,738,2
455,917,4
455,988,4
456,473,2
456,592,4
456,760,2
456,834,4
456,847,8
456,930,4
457,685,4
457,703,2
457,804,2
457,807,2
457,940,2
457,961,8
458,594,8
458,731,8
458,861,4
458,968,2
459,510,4
459,754,4
459,811,8
460,489,8
460,663,2
460,675,2
460,680,8
460,706,4
460,790,2
460,810,4
460,828,1
460,849,2
460,855,1
460,918,4
461,741,4
461,887,2
461,945,4
462,758,4
462,994,2
463,644,8
463,812,4
464,474,4
464,806,2
465,643,4
465,666,4
465,690,2
465,849,1
466,583,2
466,584,2
466,589,2
466,592,4
466,632,2
466,857,1
466,936,4
466,974,2
467,556,4
467,655,8
467,668,8
467,839,4
468,584,4
468,612,8
468,733,1
468,814,4
468,830,2
468,877,8
468,879,4
468,880,8
468,908,4
469,493,4
469,512,2
469,730,1
470,564,2
470,772,8
470,812,8
470,987,2
471,869,2
471,971,4
472,649,8
472,730,8
472,756,4
472,833,4
472,841,4
472,844,2
472,860,2
473,544,8
473,691,8
473,706,4
473,933,4
474,481,2
474,497,8
474,550,2
474,657,2
474,658,4
474,663,8
474,778,8
475,482,8
475,807,8
475,886,4
475,924,1
475,942,4
476,484,2
476,620,8
476,829,4
476,910,4
476,928,2
476,929,4
476,940,4
476,972,4
477,984,2
478,515,2
478,590,4
478,612,4
478,642,1
478,657,8
478,717,1
478,735,1
478,746,4
478,925,2
479,489,2
479,558,2
479,598,8
479,765,4
479,952,4
480,572,4
480,600,8
480,650,4
480,768,2
480,811,8
480,847,4
480,861,2
480,888,8
481,482,2
481,503,8
481,518,2
481,593,4
481,797,4
481,976,4
482,633,8
482,639,8
482,641,4
482,644,4
482,670,8
482,879,8
482,927,2
482,955,4
483,600,8
483,630,4
483,664,2
483,851,4
483,894,4
483,914,4
483,919,2
483,951,2
484,510,8
484,551,2
484,578,4
484,588,1
484,633,4
484,806,8
484,823,2
484,824,1
485,795,4
485,838,2
485,839,2
485,956,8
486,551,2
486,560,1
486,650,4
487,570,2
487,583,8
487,688,1
487,847,4
487,902,8
487,950,8
487,979,4
488,514,2
488,601,8
488,723,2
488,788,2
488,920,4
489,672,2
489,691,4
489,750,8
489,817,4
489,840,4
489,989,8
490,522,2
490,531,8
490,552,4
490,599,4
490,681,8
490,710,2
490,833,2
490,847,1
490,976,8
491,634,8
491,747,4
491,837,4
491,845,8
492,550,4
492,727,8
492,812,2
492,849,2
492,894,8
492,905,4
492,980,2
493,535,4
493,622,2
493,753,2
493,757,1
493,775,4
493,955,8
494,501,4
494,570,8
494,716,8
494,824,4
494,883,4
495,623,2
495,727,2
495,742,1
496,528,4
496,574,8
496,631,4
496,757,4
496,874,4
496,931,8
496,982,4
497,583,8
497,717,2
497,809,4
497,837,4
497,915,4
498,573,1
498,895,4
498,898,1
498,957,2
499,527,4
499,557,8
499,580,1
499,586,4
499,590,8
499,603,8
499,939,1
500,507,8
500,628,4
500,734,2
500,951,4
501,601,2
501,773,2
501,860,4
501,958,4
502,567,4
502,618,4
502,776,4
503,547,2
503,640,1
503,701,2
503,816,4
503,926,4
504,535,1
504,613,2
504,637,4
504,852,2
504,959,4
505,550,2
505,607,8
505,615,2
505,818,1
505,997,4
506,533,4
506,548,1
506,716,8
506,722,2
506,755,2
506,818,4
506,872,8
506,888,4
506,960,4
507,628,8
507,772,4
508,543,4
508,593,4
508,622,8
508,646,1
508,655,4
508,661,2
508,682,8
508,703,8
508,921,2
508,970,8
509,544,4
509,552,8
509,618,1
509,731,2
509,808,2
510,525,8
510,670,4
510,727,2
510,734,4
510,863,4
511,575,2
511,666,2
511,772,2
511,791,2
511,900,8
511,939,4
512,615,4
512,760,8
513,555,4
513,594,8
513,719,4
513,880,4
513,976,4
514,576,4
514,770,2
515,647,8
515,810,1
516,589,2
516,631,8
516,674,8
516,701,4
517,751,1
517,761,4
518,561,4
518,601,4
518,615,2
518,801,8
518,952,2
518,974,8
519,563,8
519,585,8
519,711,2
519,916,2
519,967,4
520,528,1
520,565,8
520,619,4
521,537,4
521,656,4
521,761,4
521,797,1
522,559,1
522,699,2
522,780,4
522,813,8
522,852,8
523,611,4
523,688,4
523,702,2
524,557,1
524,743,1
524,832,4
524,959,2
525,594,1
525,629,4
525,715,8
525,760,8
525,880,4
526,539,2
526,565,1
526,583,4
526,607,1
526,752,2
526,794,4
526,851,8
527,528,4
527,604,8
527,740,2
527,744,8
527,766,2
527,948,4
528,531,8
528,553,8
528,669,4
528,724,4
528,785,8
528,872,4
529,667,4
529,739,4
529,745,1
530,588,2
530,610,4
530,648,8
530,859,1
531,609,4
531,777,4
531,787,8
531,793,1
532,552,4
532,562,2
532,677,1
532,752,2
532,963,2
532,969,8
533,634,4
533,721,4
533,811,2
533,828,8
533,909,8
533,975,2
534,558,4
534,781,4
534,893,1
534,949,4
535,568,8
535,651,2
535,678,4
535,773,4
535,899,2
535,915,4
535,940,8
536,650,2
536,666,8
536,722,8
536,771,8
536,823,4
536,895,2
536,906,2
537,546,4
537,807,8
537,872,1
538,569,4
538,598,8
538,617,4
538,754,8
538,854,2
538,904,8
539,552,2
539,648,1
539,765,1
539,984,4
540,623,1
540,755,4
540,939,2
540,996,8
541,675,4
541,685,2
541,731,4
541,861,2
541,890,2
541,907,4
542,562,4
542,636,2
542,741,2
542,822,4
542,955,1
542,965,4
542,985,1
543,665,4
543,983,2
544,772,2
544,892,2
544,928,2
544,937,8
544,982,4
545,715,4
545,777,4
545,807,4
545,904,8
546,549,4
547,804,2
547,844,2
547,858,4
547,979,4
548,745,2
548,907,2
548,976,2
549,710,2
549,921,8
550,682,4
550,916,2
551,606,2
551,643,4
551,859,1
551,862,1
551,896,2
552,632,2
552,747,4
552,815,4
552,907,1
552,952,4
553,557,2
553,693,4
553,728,2
553,750,8
553,892,8
553,972,2
554,633,2
554,687,4
554,842,2
554,847,4
554,937,2
554,985,8
555,563,4
555,568,8
555,592,4
555,649,2
555,781,4
555,853,2
556,626,2
556,668,4
556,685,2
556,789,1
556,791,4
556,853,4
556,867,1
556,936,4
556,978,8
557,571,2
557,600,4
558,586,8
558,643,2
558,704,2
558,707,2
558,712,8
558,875,8
558,970,8
558,983,2
559,679,8
559,742,4
559,764,8
559,786,8
559,810,8
560,667,8
560,852,4
560,864,2
560,882,4
560,927,4
561,631,4
561,717,4
561,784,2
561,940,8
561,967,8
562,598,4
562,681,4
562,834,4
562,836,4
562,942,4
562,951,1
562,969,1
563,757,4
563,760,2
563,865,8
563,866,8
563,998,8
564,957,8
565,814,1
565,894,2
565,900,2
566,878,4
566,992,4
567,847,4
567,896,4
568,647,4
568,742,4
568,746,2
568,771,4
568,820,4
568,867,4
568,940,4
569,647,4
569,650,8
569,814,4
569,856,2
569,920,4
569,936,4
569,974,2
570,682,8
571,578,2
571,736,1
571,774,4
571,789,4
571,895,1
571,910,1
572,633,2
572,646,2
573,697,2
573,783,2
573,859,4
573,953,8
573,955,4
574,937,8
574,950,4
574,953,4
575,732,1
575,786,4
575,913,8
575,941,8
576,687,2
576,722,2
576,759,1
576,958,2
577,611,4
577,742,2
577,819,2
578,609,1
578,836,8
578,888,1
578,934,2
578,969,4
578,983,2
579,614,1
579,717,8
579,807,4
579,872,1
579,901,2
580,610,1
580,752,4
580,770,4
580,773,4
580,983,2
581,664,2
581,887,8
581,909,2
581,966,1
582,802,1
582,880,2
582,966,2
582,979,1
583,665,4
583,673,4
583,724,8
583,788,2
583,836,8
583,914,4
583,970,4
584,885,4
584,978,4
584,988,1
585,799,4
585,814,8
585,822,2
585,844,4
585,967,1
586,623,8
586,903,1
586,924,4
587,652,2
587,760,2
588,595,4
588,625,1
588,669,2
588,699,2
589,788,4
589,795,4
589,808,8
589,844,1
589,872,2
590,709,2
591,607,8
591,648,2
591,770,2
591,840,8
591,864,1
591,908,1
591,941,2
592,625,4
592,696,2
592,707,1
592,804,2
592,828,2
592,844,4
593,737,4
593,836,1
594,670,4
594,680,4
594,833,4
594,991,2
594,994,4
595,602,2
595,613,4
595,632,4
595,659,4
595,760,4
595,819,8
595,958,8
595,959,8
596,782,1
597,632,4
597,719,4
597,774,4
597,906,8
597,960,2
597,961,4
598,724,2
598,812,2
598,902,8
599,629,2
599,643,2
599,699,4
599,794,4
600,620,8
600,636,2
600,677,8
600,866,1
600,934,4
600,962,2
601,641,4
601,703,8
601,704,4
601,809,2
601,855,2
601,859,4
602,664,8
602,879,2
602,904,8
603,747,4
603,833,2
603,972,1
604,659,2
604,702,8
604,734,2
604,955,2
604,971,2
605,714,8
605,784,2
605,892,8
606,641,2
606,650,4
606,665,2
606,728,2
606,741,4
606,742,4
606,803,2
606,838,2
606,945,2
607,727,2
607,948,4
608,633,4
608,796,2
608,853,1
608,878,2
608,950,4
609,678,8
609,721,2
609,727,4
609,776,4
609,881,2
610,674,4
610,790,1
610,827,4
611,620,2
611,678,4
611,723,4
611,809,4
612,615,8
612,657,8
612,721,2
612,765,2
613,783,4
613,812,1
613,973,1
614,616,2
614,753,4
614,759,4
614,840,2
614,882,4
614,891,2
614,931,2
615,618,4
615,817,2
615,931,4
616,746,8
616,792,4
616,888,4
617,718,4
617,796,4
617,891,2
618,681,2
618,846,2
619,677,2
619,681,1
619,685,2
619,843,2
619,917,8
619,939,1
620,679,4
620,815,2
620,871,2
620,885,4
620,903,2
621,642,2
621,644,1
621,789,8
621,806,4
621,811,4
621,819,8
621,870,4
622,710,8
622,919,1
622,976,4
623,811,2
623,845,2
623,862,8
623,972,1
624,936,2
625,651,2
625,766,8
625,922,4
625,958,2
626,644,4
627,647,4
627,702,2
628,950,4
629,654,1
630,692,2
630,835,4
630,866,4
630,894,8
630,915,8
630,949,4
632,883,2
632,952,4
633,711,4
633,745,8
633,879,4
633,945,2
634,734,4
634,782,4
634,795,1
634,812,8
634,828,2
634,939,1
634,981,2
634,986,2
634,989,4
635,697,4
635,828,2
635,835,4
635,852,8
635,856,4
635,861,2
635,991,4
635,995,8
636,662,4
636,703,4
636,873,8
637,640,4
637,697,2
637,843,8
637,874,8
637,913,1
637,917,8
638,737,1
638,779,2
638,991,2
638,998,8
639,700,4
639,714,4
639,738,2
639,890,8
640,740,8
640,782,4
640,810,2
640,844,2
640,866,4
640,949,4
641,877,4
642,710,4
642,784,4
642,878,8
642,891,4
642,913,8
643,764,8
643,771,2
643,969,8
644,675,8
644,829,2
644,994,8
645,723,2
645,740,2
645,789,2
646,778,2
646,829,4
646,836,2
646,910,2
647,905,2
649,769,4
649,845,4
650,780,8
650,808,4
651,671,2
651,739,1
652,681,8
652,701,8
652,986,2
653,731,2
653,847,2
653,928,2
653,940,4
653,973,2
654,797,8
654,810,4
654,996,2
654,999,4
655,750,1
655,759,4
655,995,4
656,662,8
656,869,2
656,974,4
657,950,4
658,660,2
658,747,1
658,968,1
658,976,4
658,984,8
659,672,4
659,716,2
659,778,4
659,866,8
659,919,8
659,951,8
660,682,8
660,795,1
661,721,2
661,760,4
661,857,4
661,887,8
661,926,4
661,939,8
662,790,2
662,853,2
662,901,8
663,687,2
665,765,2
665,903,4
666,690,8
666,750,4
666,802,4
667,770,1
667,935,8
667,994,4
668,680,4
668,784,8
670,730,4
670,753,8
671,965,2
671,999,2
672,978,2
672,980,2
672,996,4
673,686,2
673,769,2
673,831,4
674,711,2
674,779,1
675,780,4
675,878,1
677,752,2
677,844,2
677,865,8
677,945,4
678,702,2
678,798,8
678,862,4
679,772,4
679,776,4
679,966,8
679,979,4
680,856,2
680,858,8
680,939,8
681,732,4
681,777,2
681,849,1
681,906,8
681,964,4
683,695,2
683,825,4
683,982,1
684,699,2
684,945,8
684,957,4
685,740,1
685,838,4
687,725,4
687,731,2
687,876,4
687,989,2
688,781,8
688,836,1
688,987,2
689,717,4
689,824,2
689,963,4
690,863,2
690,999,4
692,773,1
693,796,4
693,827,4
695,720,4
695,723,4
695,769,4
695,835,1
695,945,8
695,978,4
696,777,1
696,956,4
697,721,2
698,778,1
699,737,8
699,854,4
701,728,4
701,789,2
701,794,2
701,854,8
701,860,2
702,721,1
702,841,4
702,912,2
702,920,4
702,978,2
703,800,8
703,813,4
703,904,1
704,707,4
704,833,2
704,884,1
705,732,4
705,782,4
705,793,8
705,902,2
705,964,4
706,732,2
706,842,2
706,864,2
706,887,4
707,821,8
707,946,4
708,758,4
708,992,4
709,830,4
710,728,8
710,736,2
712,966,8
713,715,4
713,772,4
713,786,2
714,808,2
714,843,4
714,867,4
714,941,2
715,719,4
715,929,2
716,722,8
716,748,2
716,816,8
716,928,4
716,937,4
716,973,1
717,956,4
718,758,2
718,925,4
719,767,4
719,793,2
719,823,4
720,735,4
720,899,8
720,902,8
720,938,2
720,999,8
722,840,4
722,928,2
722,962,2
723,897,8
723,921,2
724,797,8
725,765,8
725,893,4
726,832,1
726,900,4
726,968,8
726,993,2
727,744,4
727,885,2
727,911,1
727,971,2
728,947,2
729,773,4
729,858,2
729,989,2
730,744,8
730,826,8
730,884,2
730,963,4
731,765,2
731,963,2
731,967,2
732,913,4
733,834,2
733,872,1
733,996,4
734,890,2
734,954,4
735,811,4
735,881,1
735,904,8
735,921,8
736,773,8
736,948,4
738,890,2
739,866,8
739,880,2
740,842,4
740,847,8
740,860,2
741,916,4
742,812,4
742,864,2
742,943,4
742,967,2
742,968,4
743,786,4
743,791,4
743,836,4
743,858,4
743,898,4
743,927,4
744,826,1
744,964,4
744,978,2
744,991,4
745,767,8
745,828,2
745,958,1
746,938,8
746,978,2
747,770,2
747,793,4
747,913,4
747,990,4
748,794,4
749,776,2
749,947,2
750,766,4
750,781,2
750,872,1
750,906,2
750,945,8
751,818,2
751,870,1
752,893,4
752,977,4
753,793,4
753,866,2
753,944,4
753,966,2
753,977,2
754,757,4
754,968,2
754,996,4
755,822,4
755,922,4
755,923,4
755,935,8
756,788,4
756,843,2
757,812,4
757,847,4
757,900,4
757,991,1
758,825,8
759,792,2
759,794,1
759,934,2
761,808,2
761,817,4
761,869,2
761,873,8
761,889,2
762,795,2
762,828,8
767,952,2
768,889,8
769,857,8
769,967,4
770,861,8
770,918,1
771,800,2
771,815,2
771,984,1
772,788,2
773,777,4
773,819,2
773,894,8
773,903,4
773,923,8
774,905,2
774,911,2
774,953,4
774,993,1
774,999,2
775,825,4
775,989,4
776,905,2
776,923,4
776,929,4
777,785,2
777,883,4
777,905,2
778,954,8
779,781,4
779,796,4
779,874,8
780,841,2
780,937,4
781,799,1
781,841,2
782,959,4
782,996,1
783,795,4
783,859,8
784,838,2
784,907,2
784,947,2
784,970,1
785,818,8
785,948,2
786,845,2
786,953,4
786,962,8
787,831,2
787,878,4
788,800,4
789,826,8
789,847,2
789,878,2
789,899,4
789,929,2
790,839,8
790,938,2
790,944,2
791,997,2
792,854,2
792,866,8
792,878,2
793,881,2
793,894,2
796,822,2
797,816,8
797,844,4
798,868,4
799,921,2
800,828,2
800,831,8
800,901,2
801,934,2
801,969,2
802,841,1
802,919,2
802,974,4
802,976,4
803,956,4
804,817,4
804,826,4
804,856,8
804,864,2
804,907,2
805,828,4
805,914,1
805,970,8
805,978,2
806,916,1
806,941,4
806,963,8
807,851,1
807,889,4
807,955,1
807,977,2
808,865,4
808,988,2
809,970,4
809,977,4
810,945,4
811,880,8
811,985,4
812,816,8
813,897,4
813,937,8
813,950,2
814,865,4
814,880,8
814,929,4
814,940,4
814,955,4
814,974,1
816,860,2
818,838,8
818,884,8
819,844,4
819,979,2
820,935,2
820,969,4
822,917,4
823,862,4
823,946,4
825,826,4
825,937,8
825,944,4
825,974,4
826,951,4
827,846,1
828,877,2
828,883,2
828,923,8
828,961,4
828,986,1
829,835,2
830,882,4
831,903,2
831,960,4
832,860,8
833,894,1
833,952,2
834,835,4
835,928,4
835,944,2
836,886,2
836,910,8
836,933,8
837,853,1
837,935,4
838,852,1
839,850,1
839,859,2
840,879,8
841,864,4
841,876,2
841,936,4
841,946,1
842,863,4
844,900,1
844,943,2
844,951,4
844,968,2
845,960,1
845,994,4
845,995,2
846,870,4
846,875,4
847,892,2
847,926,1
848,861,4
848,955,8
851,879,2
851,893,4
851,915,2
851,972,2
852,856,2
853,912,2
854,885,4
855,975,1
855,978,2
856,869,1
857,906,4
858,866,4
858,887,1
858,933,2
858,982,2
859,887,2
859,963,8
861,867,2
861,950,4
861,974,4
862,950,4
863,986,2
864,900,2
865,888,4
866,899,2
868,953,4
869,885,1
870,911,2
871,929,8
873,899,4
875,986,2
876,933,2
877,939,1
878,906,4
878,925,4
878,963,4
879,887,2
881,964,8
881,975,2
882,890,8
884,901,8
884,905,2
884,929,2
886,973,8
887,939,4
888,915,4
888,921,2
888,930,4
889,959,1
892,942,4
893,950,1
894,969,2
896,945,4
901,999,2
903,925,2
903,989,8
904,927,2
905,979,8
905,987,2
906,960,4
908,967,2
911,921,8
914,976,4
917,976,2
918,966,8
919,935,4
919,938,4
920,930,4
920,994,4
921,922,4
921,950,4
921,985,8
924,943,4
926,962,8
926,996,8
930,962,4
933,935,2
933,986,4
935,951,4
937,952,8
937,983,4
938,967,2
938,968,4
940,967,1
942,970,2
943,995,4
944,949,2
946,976,2
950,955,2
950,960,1
950,968,4
950,984,4
955,983,2
956,962,8
956,965,4
957,978,2
957,982,8
958,983,4
959,994,4
960,985,2
960,990,4
960,993,4
965,980,1
973,993,4
981,983,4
982,989,2